Year	SeaLevel
1870.0417	-75.61
1870.125	-75.68
1870.2083	-74.13
1870.2917	-74.06
1870.375	-73.23
1870.4583	-74.47
1870.5417	-72.76
1870.625	-70.71
1870.7083	-71.18
1870.7917	-70.77
1870.875	-78.15
1870.9583	-81.73
1871.0417	-86.35
1871.125	-82.06
1871.2083	-78.42
1871.2917	-72.57
1871.375	-72.59
1871.4583	-71.52
1871.5417	-71.57
1871.625	-74.75
1871.7083	-76.29
1871.7917	-82.41
1871.875	-80.74
1871.9583	-79.35
1872.0417	-70.77
1872.125	-69.31
1872.2083	-69.43
1872.2917	-72.52
1872.375	-71.64
1872.4583	-70.57
1872.5417	-68.65
1872.625	-68.91
1872.7083	-68.18
1872.7917	-67.5
1872.875	-65.06
1872.9583	-65.06
1873.0417	-65.93
1873.125	-75.45
1873.2083	-79.28
1873.2917	-81.03
1873.375	-77.37
1873.4583	-74.21
1873.5417	-71.23
1873.625	-69.82
1873.7083	-70.94
1873.7917	-69.11
1873.875	-69.9
1873.9583	-68.27
1874.0417	-71.27
1874.125	-75.7
1874.2083	-80.13
1874.2917	-77.63
1874.375	-75.97
1874.4583	-72.7
1874.5417	-71.57
1874.625	-69.8
1874.7083	-69.24
1874.7917	-71.77
1874.875	-75.43
1874.9583	-81
1875.0417	-80.37
1875.125	-85.08
1875.2083	-84.15
1875.2917	-81.86
1875.375	-78.23
1875.4583	-74.34
1875.5417	-73.51
1875.625	-73
1875.7083	-73.88
1875.7917	-74.98
1875.875	-77.97
1875.9583	-78.52
1876.0417	-77.44
1876.125	-69.23
1876.2083	-64.49
1876.2917	-66.78
1876.375	-70.83
1876.4583	-69.74
1876.5417	-66.32
1876.625	-63.58
1876.7083	-61.22
1876.7917	-61.87
1876.875	-58.24
1876.9583	-56.85
1877.0417	-55.97
1877.125	-56.67
1877.2083	-57.77
1877.2917	-57.72
1877.375	-57.63
1877.4583	-55.43
1877.5417	-54.55
1877.625	-54.05
1877.7083	-54.76
1877.7917	-54.83
1877.875	-52.07
1877.9583	-53.42
1878.0417	-50.87
1878.125	-48.12
1878.2083	-45.44
1878.2917	-44.29
1878.375	-45.76
1878.4583	-48.27
1878.5417	-53.44
1878.625	-54.9
1878.7083	-59.66
1878.7917	-61.86
1878.875	-68.54
1878.9583	-66.26
1879.0417	-69.25
1879.125	-62.05
1879.2083	-63.03
1879.2917	-56.53
1879.375	-59.46
1879.4583	-54.6
1879.5417	-57.87
1879.625	-60.5
1879.7083	-67.62
1879.7917	-75.07
1879.875	-82.8
1879.9583	-83.67
1880.0417	-83.14
1880.125	-72.65
1880.2083	-70.08
1880.2917	-63.87
1880.375	-64.13
1880.4583	-61.77
1880.5417	-61.8
1880.625	-63.09
1880.7083	-63.82
1880.7917	-61.14
1880.875	-60.27
1880.9583	-56.46
1881.0417	-58.29
1881.125	-58.91
1881.2083	-59.33
1881.2917	-59.28
1881.375	-58.69
1881.4583	-57.38
1881.5417	-56.43
1881.625	-58.49
1881.7083	-62.6
1881.7917	-66.9
1881.875	-69.03
1881.9583	-72.24
1882.0417	-73.57
1882.125	-73.55
1882.2083	-68.82
1882.2917	-68.86
1882.375	-66.73
1882.4583	-71.55
1882.5417	-70.6
1882.625	-73.37
1882.7083	-73.85
1882.7917	-80.1
1882.875	-82.63
1882.9583	-84.79
1883.0417	-81.69
1883.125	-78.46
1883.2083	-72.86
1883.2917	-70.93
1883.375	-67.16
1883.4583	-68.8
1883.5417	-72.45
1883.625	-73.34
1883.7083	-76.71
1883.7917	-74.14
1883.875	-70.67
1883.9583	-65.27
1884.0417	-61.93
1884.125	-59.87
1884.2083	-59.42
1884.2917	-52.88
1884.375	-55.08
1884.4583	-53.33
1884.5417	-61.02
1884.625	-61.53
1884.7083	-69.88
1884.7917	-69.23
1884.875	-73.52
1884.9583	-63.72
1885.0417	-64.25
1885.125	-59.69
1885.2083	-62.19
1885.2917	-64.09
1885.375	-65.23
1885.4583	-65.25
1885.5417	-68.6
1885.625	-65.97
1885.7083	-69.84
1885.7917	-67
1885.875	-62.44
1885.9583	-56.25
1886.0417	-51.12
1886.125	-55.62
1886.2083	-56.87
1886.2917	-57.82
1886.375	-56.8
1886.4583	-57.43
1886.5417	-59.8
1886.625	-58.82
1886.7083	-61.9
1886.7917	-61.73
1886.875	-61.8
1886.9583	-61.68
1887.0417	-60.28
1887.125	-67.43
1887.2083	-64.85
1887.2917	-66.19
1887.375	-60.34
1887.4583	-59.02
1887.5417	-57.14
1887.625	-61.01
1887.7083	-58.71
1887.7917	-60.9
1887.875	-60.71
1887.9583	-64.49
1888.0417	-67.61
1888.125	-68.17
1888.2083	-67.42
1888.2917	-68.53
1888.375	-66.21
1888.4583	-63.64
1888.5417	-60.01
1888.625	-63.44
1888.7083	-66.49
1888.7917	-65.23
1888.875	-62.3
1888.9583	-61.29
1889.0417	-60.72
1889.125	-60.86
1889.2083	-57.09
1889.2917	-57.39
1889.375	-56.15
1889.4583	-53.79
1889.5417	-57.99
1889.625	-56.19
1889.7083	-60.07
1889.7917	-59.47
1889.875	-65.16
1889.9583	-65.63
1890.0417	-66.58
1890.125	-66.44
1890.2083	-58.25
1890.2917	-54.72
1890.375	-52.11
1890.4583	-55.42
1890.5417	-60.12
1890.625	-59.99
1890.7083	-58.3
1890.7917	-56.32
1890.875	-59.31
1890.9583	-65.94
1891.0417	-65.74
1891.125	-68.84
1891.2083	-58.61
1891.2917	-61.66
1891.375	-57.19
1891.4583	-58.06
1891.5417	-55.01
1891.625	-55.77
1891.7083	-57.62
1891.7917	-57.42
1891.875	-58.12
1891.9583	-52.92
1892.0417	-50.56
1892.125	-46.81
1892.2083	-48.02
1892.2917	-49.08
1892.375	-52.68
1892.4583	-53.62
1892.5417	-57.82
1892.625	-57.84
1892.7083	-61.54
1892.7917	-60.95
1892.875	-64.37
1892.9583	-60.49
1893.0417	-55.46
1893.125	-51.45
1893.2083	-46.55
1893.2917	-47.73
1893.375	-47.03
1893.4583	-49.47
1893.5417	-48.23
1893.625	-47.46
1893.7083	-46.63
1893.7917	-48.75
1893.875	-53.88
1893.9583	-55.57
1894.0417	-56.71
1894.125	-56.03
1894.2083	-55.84
1894.2917	-56.67
1894.375	-56.95
1894.4583	-58.25
1894.5417	-58.67
1894.625	-59.43
1894.7083	-62.68
1894.7917	-61.28
1894.875	-57.17
1894.9583	-48.25
1895.0417	-43.16
1895.125	-40.43
1895.2083	-44.18
1895.2917	-46.72
1895.375	-50.54
1895.4583	-49.01
1895.5417	-47.27
1895.625	-46.36
1895.7083	-45.36
1895.7917	-42.37
1895.875	-44.42
1895.9583	-46.32
1896.0417	-53.41
1896.125	-59.7
1896.2083	-58.24
1896.2917	-55.35
1896.375	-50.59
1896.4583	-46.47
1896.5417	-47.07
1896.625	-47.78
1896.7083	-48.99
1896.7917	-49.07
1896.875	-48.6
1896.9583	-48.12
1897.0417	-46.72
1897.125	-48.79
1897.2083	-44.89
1897.2917	-43.86
1897.375	-36.7
1897.4583	-38.03
1897.5417	-38.19
1897.625	-42.19
1897.7083	-47.24
1897.7917	-53.29
1897.875	-65.23
1897.9583	-62.93
1898.0417	-59.49
1898.125	-45.73
1898.2083	-38.55
1898.2917	-36.13
1898.375	-33.23
1898.4583	-39.63
1898.5417	-43.41
1898.625	-47.29
1898.7083	-46.36
1898.7917	-41.05
1898.875	-41.44
1898.9583	-41.21
1899.0417	-40.77
1899.125	-41.73
1899.2083	-41.74
1899.2917	-40.65
1899.375	-41.79
1899.4583	-40.33
1899.5417	-39.35
1899.625	-34.67
1899.7083	-33.03
1899.7917	-31.71
1899.875	-35.85
1899.9583	-38.01
1900.0417	-40.28
1900.125	-42.12
1900.2083	-41.77
1900.2917	-43.41
1900.375	-39.3
1900.4583	-44.15
1900.5417	-47.53
1900.625	-50.79
1900.7083	-55.71
1900.7917	-51.96
1900.875	-53.45
1900.9583	-51.16
1901.0417	-53.1
1901.125	-54.07
1901.2083	-56.61
1901.2917	-54.98
1901.375	-56.26
1901.4583	-53.04
1901.5417	-52.85
1901.625	-47.52
1901.7083	-44.03
1901.7917	-42.9
1901.875	-44.35
1901.9583	-45.88
1902.0417	-46.47
1902.125	-45.36
1902.2083	-45.7
1902.2917	-49.54
1902.375	-52.74
1902.4583	-55.21
1902.5417	-54.15
1902.625	-50.64
1902.7083	-47.59
1902.7917	-44.24
1902.875	-44.53
1902.9583	-43.82
1903.0417	-43.82
1903.125	-44.12
1903.2083	-38.72
1903.2917	-35.55
1903.375	-34.6
1903.4583	-35.43
1903.5417	-40.26
1903.625	-42.56
1903.7083	-46.26
1903.7917	-43.23
1903.875	-45.69
1903.9583	-42.46
1904.0417	-45.89
1904.125	-39.98
1904.2083	-43.62
1904.2917	-44.01
1904.375	-46.75
1904.4583	-43.25
1904.5417	-43.09
1904.625	-42.17
1904.7083	-43.06
1904.7917	-43.36
1904.875	-43.99
1904.9583	-46
1905.0417	-48.41
1905.125	-49.95
1905.2083	-50.39
1905.2917	-49.86
1905.375	-50.1
1905.4583	-49.83
1905.5417	-48.65
1905.625	-44.93
1905.7083	-42.32
1905.7917	-43.97
1905.875	-46.24
1905.9583	-49.54
1906.0417	-44.3
1906.125	-40.71
1906.2083	-38.42
1906.2917	-40.95
1906.375	-40.43
1906.4583	-41.57
1906.5417	-39.92
1906.625	-41.96
1906.7083	-41.49
1906.7917	-42.02
1906.875	-43.98
1906.9583	-43.39
1907.0417	-44.57
1907.125	-41.22
1907.2083	-41.83
1907.2917	-40.83
1907.375	-41.97
1907.4583	-40.46
1907.5417	-41.64
1907.625	-39.86
1907.7083	-45.69
1907.7917	-47.64
1907.875	-51.96
1907.9583	-49.81
1908.0417	-46.98
1908.125	-45.84
1908.2083	-46.2
1908.2917	-48.87
1908.375	-47.34
1908.4583	-44.42
1908.5417	-43.12
1908.625	-44.14
1908.7083	-46.85
1908.7917	-50.08
1908.875	-48.72
1908.9583	-46.29
1909.0417	-38.16
1909.125	-35.42
1909.2083	-35.43
1909.2917	-41.52
1909.375	-46.53
1909.4583	-51.67
1909.5417	-49.38
1909.625	-46.06
1909.7083	-40.96
1909.7917	-39.6
1909.875	-40.62
1909.9583	-43.25
1910.0417	-44.76
1910.125	-46.83
1910.2083	-46.02
1910.2917	-45.75
1910.375	-41.42
1910.4583	-41.96
1910.5417	-41.29
1910.625	-44.48
1910.7083	-44.8
1910.7917	-45.4
1910.875	-45.66
1910.9583	-47.56
1911.0417	-49.11
1911.125	-44.63
1911.2083	-40.47
1911.2917	-36.58
1911.375	-38.85
1911.4583	-37.82
1911.5417	-37.17
1911.625	-32.83
1911.7083	-29.48
1911.7917	-27.38
1911.875	-31.1
1911.9583	-33.09
1912.0417	-38.93
1912.125	-39.7
1912.2083	-43.42
1912.2917	-43.32
1912.375	-42.84
1912.4583	-38.58
1912.5417	-38.24
1912.625	-37.78
1912.7083	-39.4
1912.7917	-39.88
1912.875	-38.62
1912.9583	-36.01
1913.0417	-40.04
1913.125	-41.66
1913.2083	-45.52
1913.2917	-46
1913.375	-44.71
1913.4583	-39.48
1913.5417	-35.42
1913.625	-31.05
1913.7083	-31.59
1913.7917	-34.13
1913.875	-33.23
1913.9583	-38.97
1914.0417	-33.34
1914.125	-37.4
1914.2083	-32.71
1914.2917	-34.62
1914.375	-31.64
1914.4583	-33.82
1914.5417	-32.72
1914.625	-34.99
1914.7083	-31.83
1914.7917	-28.69
1914.875	-20.05
1914.9583	-11.64
1915.0417	-6.45
1915.125	-5.75
1915.2083	-9.86
1915.2917	-15.88
1915.375	-21.06
1915.4583	-23.7
1915.5417	-27.79
1915.625	-30.39
1915.7083	-35.36
1915.7917	-38.26
1915.875	-35.88
1915.9583	-35.89
1916.0417	-31.62
1916.125	-32.21
1916.2083	-28.35
1916.2917	-29.02
1916.375	-29.13
1916.4583	-32.34
1916.5417	-35.85
1916.625	-38.62
1916.7083	-38.12
1916.7917	-36.29
1916.875	-30.85
1916.9583	-28.73
1917.0417	-28.69
1917.125	-33.64
1917.2083	-37.73
1917.2917	-41.85
1917.375	-42.68
1917.4583	-41.59
1917.5417	-38.95
1917.625	-37.6
1917.7083	-37.16
1917.7917	-35.88
1917.875	-34.46
1917.9583	-32.76
1918.0417	-32.82
1918.125	-37.13
1918.2083	-39.63
1918.2917	-41.45
1918.375	-38.31
1918.4583	-34.82
1918.5417	-32.48
1918.625	-31.24
1918.7083	-27.37
1918.7917	-29.18
1918.875	-29.13
1918.9583	-33.61
1919.0417	-34.31
1919.125	-36.15
1919.2083	-35.39
1919.2917	-33.47
1919.375	-33.36
1919.4583	-29.09
1919.5417	-31.13
1919.625	-28.46
1919.7083	-28.7
1919.7917	-29.91
1919.875	-29.28
1919.9583	-33.01
1920.0417	-33.72
1920.125	-38.08
1920.2083	-38.16
1920.2917	-35.69
1920.375	-29.93
1920.4583	-26.47
1920.5417	-24.6
1920.625	-27.82
1920.7083	-31.52
1920.7917	-33.83
1920.875	-35.48
1920.9583	-33.6
1921.0417	-34
1921.125	-31.63
1921.2083	-30.87
1921.2917	-30.04
1921.375	-27.18
1921.4583	-28.52
1921.5417	-30.32
1921.625	-37.01
1921.7083	-40.52
1921.7917	-40.78
1921.875	-41.01
1921.9583	-36.69
1922.0417	-36.76
1922.125	-33.1
1922.2083	-35.64
1922.2917	-35.38
1922.375	-33.88
1922.4583	-32.84
1922.5417	-36.14
1922.625	-38.89
1922.7083	-39.75
1922.7917	-37.12
1922.875	-32.28
1922.9583	-30.32
1923.0417	-32.13
1923.125	-35.14
1923.2083	-33.97
1923.2917	-27.79
1923.375	-23.58
1923.4583	-25.82
1923.5417	-31.71
1923.625	-35.07
1923.7083	-33.19
1923.7917	-32.49
1923.875	-34.92
1923.9583	-38.99
1924.0417	-40.06
1924.125	-35.92
1924.2083	-36.81
1924.2917	-35.42
1924.375	-37.94
1924.4583	-39.34
1924.5417	-41.33
1924.625	-41.55
1924.7083	-41.03
1924.7917	-40.83
1924.875	-41.53
1924.9583	-42.85
1925.0417	-41.34
1925.125	-40.97
1925.2083	-40.76
1925.2917	-42.41
1925.375	-40.43
1925.4583	-41.35
1925.5417	-41.71
1925.625	-41.91
1925.7083	-41.68
1925.7917	-40.71
1925.875	-41.58
1925.9583	-37.44
1926.0417	-40.03
1926.125	-40.67
1926.2083	-43.99
1926.2917	-42.97
1926.375	-40.15
1926.4583	-37.21
1926.5417	-34.74
1926.625	-28.65
1926.7083	-28.78
1926.7917	-25.26
1926.875	-31.73
1926.9583	-32.24
1927.0417	-34.68
1927.125	-32.43
1927.2083	-31.48
1927.2917	-31.19
1927.375	-31.91
1927.4583	-32.75
1927.5417	-34.07
1927.625	-31.71
1927.7083	-34.17
1927.7917	-31.21
1927.875	-34.13
1927.9583	-36.9
1928.0417	-41.01
1928.125	-39.95
1928.2083	-37.53
1928.2917	-32.56
1928.375	-31.43
1928.4583	-27.39
1928.5417	-28.43
1928.625	-27.95
1928.7083	-30.94
1928.7917	-34.31
1928.875	-38.08
1928.9583	-37.48
1929.0417	-40.19
1929.125	-38.48
1929.2083	-41.15
1929.2917	-37.97
1929.375	-38.45
1929.4583	-34.03
1929.5417	-32.09
1929.625	-31.19
1929.7083	-33.56
1929.7917	-36.75
1929.875	-38.16
1929.9583	-39.72
1930.0417	-37.33
1930.125	-35.19
1930.2083	-34.88
1930.2917	-35.95
1930.375	-33.99
1930.4583	-28.43
1930.5417	-21.15
1930.625	-19.84
1930.7083	-21.02
1930.7917	-23.58
1930.875	-28.24
1930.9583	-30.71
1931.0417	-31.99
1931.125	-30.49
1931.2083	-27.52
1931.2917	-27.8
1931.375	-26.66
1931.4583	-29.02
1931.5417	-28.12
1931.625	-31.56
1931.7083	-29.14
1931.7917	-30.11
1931.875	-29.67
1931.9583	-28.72
1932.0417	-28.02
1932.125	-23.94
1932.2083	-25.29
1932.2917	-23.39
1932.375	-24.06
1932.4583	-23.01
1932.5417	-23.58
1932.625	-27.06
1932.7083	-25.25
1932.7917	-25.69
1932.875	-21.39
1932.9583	-21
1933.0417	-18.61
1933.125	-19.66
1933.2083	-19.18
1933.2917	-20.32
1933.375	-22.06
1933.4583	-21.63
1933.5417	-24.47
1933.625	-23.28
1933.7083	-24.39
1933.7917	-23.94
1933.875	-26.94
1933.9583	-26
1934.0417	-25.43
1934.125	-24.01
1934.2083	-23.77
1934.2917	-26.55
1934.375	-27.19
1934.4583	-32.07
1934.5417	-31.2
1934.625	-34.85
1934.7083	-30.8
1934.7917	-32.93
1934.875	-28.29
1934.9583	-27.08
1935.0417	-21.62
1935.125	-18.92
1935.2083	-16.78
1935.2917	-15.56
1935.375	-16.23
1935.4583	-16.62
1935.5417	-18.19
1935.625	-21.16
1935.7083	-23.4
1935.7917	-26.76
1935.875	-25.28
1935.9583	-23.54
1936.0417	-18.52
1936.125	-16.72
1936.2083	-20.28
1936.2917	-24.26
1936.375	-25.44
1936.4583	-23.99
1936.5417	-23.64
1936.625	-18.75
1936.7083	-20.66
1936.7917	-15.71
1936.875	-20.14
1936.9583	-18.68
1937.0417	-20.91
1937.125	-18.88
1937.2083	-20.18
1937.2917	-18.58
1937.375	-17.41
1937.4583	-19.36
1937.5417	-19.04
1937.625	-19.94
1937.7083	-15.39
1937.7917	-13.78
1937.875	-12.44
1937.9583	-11.98
1938.0417	-10.63
1938.125	-9.26
1938.2083	-7.56
1938.2917	-7.8
1938.375	-11.86
1938.4583	-14.61
1938.5417	-19.71
1938.625	-17.1
1938.7083	-14.54
1938.7917	-10
1938.875	-10.27
1938.9583	-12.53
1939.0417	-14.3
1939.125	-19.15
1939.2083	-18.31
1939.2917	-16.41
1939.375	-10.49
1939.4583	-4.12
1939.5417	-3.44
1939.625	-5.82
1939.7083	-11.53
1939.7917	-13.99
1939.875	-12.43
1939.9583	-11.42
1940.0417	-11.87
1940.125	-13.79
1940.2083	-16.82
1940.2917	-21.84
1940.375	-21.78
1940.4583	-24.8
1940.5417	-22.02
1940.625	-19.68
1940.7083	-16.98
1940.7917	-13.25
1940.875	-9.29
1940.9583	-5.54
1941.0417	-3.76
1941.125	-0.56
1941.2083	-0.14
1941.2917	-0.84
1941.375	-2.67
1941.4583	-2.89
1941.5417	-1.01
1941.625	2.03
1941.7083	1.65
1941.7917	-1.57
1941.875	-4.72
1941.9583	-3.76
1942.0417	-3.85
1942.125	-2.61
1942.2083	-5.32
1942.2917	-6.72
1942.375	-5.66
1942.4583	-1.91
1942.5417	2.3
1942.625	5.47
1942.7083	7.28
1942.7917	5.71
1942.875	2.79
1942.9583	-2.1
1943.0417	0.43
1943.125	2.86
1943.2083	3.89
1943.2917	3.94
1943.375	-1.19
1943.4583	-2.26
1943.5417	-6.1
1943.625	-6.14
1943.7083	-5.84
1943.7917	-6.63
1943.875	-8.76
1943.9583	-7.76
1944.0417	-2.63
1944.125	4.68
1944.2083	6.06
1944.2917	0.19
1944.375	-7.11
1944.4583	-12.35
1944.5417	-13.01
1944.625	-12.26
1944.7083	-8.93
1944.7917	-6.35
1944.875	-2.52
1944.9583	-2.1
1945.0417	-0.7
1945.125	-1.84
1945.2083	-2.59
1945.2917	-3.03
1945.375	-0.89
1945.4583	1.44
1945.5417	-2.55
1945.625	-3.23
1945.7083	-5.71
1945.7917	-2.75
1945.875	-2.65
1945.9583	-0.12
1946.0417	-2.22
1946.125	1.54
1946.2083	1.29
1946.2917	4.7
1946.375	8.51
1946.4583	10.88
1946.5417	12.11
1946.625	8.79
1946.7083	4.79
1946.7917	0.18
1946.875	-2.89
1946.9583	-3.47
1947.0417	-3.53
1947.125	-0.67
1947.2083	-0.35
1947.2917	-3.46
1947.375	-3.55
1947.4583	-0.85
1947.5417	2.08
1947.625	5.8
1947.7083	9.42
1947.7917	13.85
1947.875	16.22
1947.9583	12.65
1948.0417	10.85
1948.125	6.85
1948.2083	6.65
1948.2917	5.82
1948.375	9.05
1948.4583	10.25
1948.5417	12.61
1948.625	11.31
1948.7083	12.58
1948.7917	11.33
1948.875	11.29
1948.9583	11.92
1949.0417	13.3
1949.125	15.24
1949.2083	12.59
1949.2917	10.72
1949.375	8.65
1949.4583	6.02
1949.5417	4.58
1949.625	5.34
1949.7083	5.26
1949.7917	9.89
1949.875	11.66
1949.9583	12.14
1950.0417	9.43
1950.125	8.12
1950.2083	9.14
1950.2917	13.24
1950.375	15.82
1950.4583	16.03
1950.5417	15.43
1950.625	14.42
1950.7083	16.65
1950.7917	17.81
1950.875	18.74
1950.9583	19.44
1951.0417	18.14
1951.125	23.83
1951.2083	29.74
1951.2917	31.94
1951.375	33.37
1951.4583	29.68
1951.5417	26.65
1951.625	23.45
1951.7083	23.83
1951.7917	22.17
1951.875	20.85
1951.9583	18.08
1952.0417	17.26
1952.125	17.88
1952.2083	16.84
1952.2917	17.47
1952.375	18.4
1952.4583	21.52
1952.5417	21.24
1952.625	23.09
1952.7083	25.71
1952.7917	26.98
1952.875	29.81
1952.9583	29.39
1953.0417	27.36
1953.125	24.51
1953.2083	21.68
1953.2917	24.58
1953.375	27
1953.4583	29.77
1953.5417	26.92
1953.625	24.64
1953.7083	23.76
1953.7917	21.79
1953.875	22.17
1953.9583	21.22
1954.0417	24.22
1954.125	25.41
1954.2083	25.28
1954.2917	22.49
1954.375	22.26
1954.4583	19.5
1954.5417	16.29
1954.625	15.94
1954.7083	19.1
1954.7917	25.29
1954.875	29.52
1954.9583	30.35
1955.0417	31.15
1955.125	31.32
1955.2083	29.75
1955.2917	27.07
1955.375	24.59
1955.4583	22.12
1955.5417	19.35
1955.625	20.96
1955.7083	21.54
1955.7917	26.93
1955.875	29.48
1955.9583	29.34
1956.0417	27.52
1956.125	22.16
1956.2083	21.51
1956.2917	24.64
1956.375	25.42
1956.4583	23.91
1956.5417	18.24
1956.625	16.13
1956.7083	16.07
1956.7917	17.26
1956.875	18.58
1956.9583	19.9
1957.0417	24.91
1957.125	32.23
1957.2083	36.35
1957.2917	36.69
1957.375	38.5
1957.4583	39.52
1957.5417	39.86
1957.625	37.5
1957.7083	36.28
1957.7917	34.04
1957.875	34.59
1957.9583	35.28
1958.0417	38.45
1958.125	38.76
1958.2083	39.83
1958.2917	36.75
1958.375	38.11
1958.4583	36.83
1958.5417	36.89
1958.625	36.86
1958.7083	38.24
1958.7917	40.9
1958.875	41.33
1958.9583	40.79
1959.0417	38.36
1959.125	35.28
1959.2083	33.7
1959.2917	36.23
1959.375	36.49
1959.4583	38.68
1959.5417	37.72
1959.625	39.45
1959.7083	38.28
1959.7917	40.6
1959.875	36.36
1959.9583	36.68
1960.0417	36.19
1960.125	39.55
1960.2083	39.55
1960.2917	41.22
1960.375	42.34
1960.4583	41.86
1960.5417	40.12
1960.625	38.28
1960.7083	36.68
1960.7917	35.45
1960.875	35.29
1960.9583	38.33
1961.0417	42.79
1961.125	48.75
1961.2083	50.14
1961.2917	48.76
1961.375	45.84
1961.4583	44.3
1961.5417	43.59
1961.625	42.61
1961.7083	40.15
1961.7917	37.46
1961.875	34.93
1961.9583	36.68
1962.0417	37.62
1962.125	39.44
1962.2083	37.8
1962.2917	37.56
1962.375	37.7
1962.4583	38.34
1962.5417	36.45
1962.625	37.46
1962.7083	38.88
1962.7917	43.04
1962.875	43.79
1962.9583	43.67
1963.0417	44.47
1963.125	43.61
1963.2083	42.62
1963.2917	40.97
1963.375	40.08
1963.4583	39.43
1963.5417	37.73
1963.625	36.55
1963.7083	38.1
1963.7917	38.12
1963.875	39.53
1963.9583	33.99
1964.0417	28.3
1964.125	23.92
1964.2083	23.25
1964.2917	24.85
1964.375	31.42
1964.4583	37.21
1964.5417	40.71
1964.625	40.91
1964.7083	39.37
1964.7917	37.37
1964.875	38.85
1964.9583	41.14
1965.0417	44.56
1965.125	47.4
1965.2083	45.3
1965.2917	42.27
1965.375	39.65
1965.4583	41.08
1965.5417	43.43
1965.625	45.53
1965.7083	48.75
1965.7917	48.12
1965.875	48.8
1965.9583	47.05
1966.0417	45.99
1966.125	43.14
1966.2083	41.74
1966.2917	39.39
1966.375	39
1966.4583	37.25
1966.5417	38.51
1966.625	37.26
1966.7083	37.31
1966.7917	35.54
1966.875	33.5
1966.9583	35.4
1967.0417	34.37
1967.125	34.18
1967.2083	32.09
1967.2917	34.09
1967.375	35.44
1967.4583	39.36
1967.5417	38.78
1967.625	39.81
1967.7083	40
1967.7917	41.34
1967.875	42.89
1967.9583	44.6
1968.0417	45.51
1968.125	42.25
1968.2083	35.1
1968.2917	29.86
1968.375	27.85
1968.4583	30
1968.5417	34.11
1968.625	40.79
1968.7083	43.88
1968.7917	47.09
1968.875	47.51
1968.9583	47.13
1969.0417	49.53
1969.125	48.99
1969.2083	50.49
1969.2917	49.46
1969.375	47.91
1969.4583	46.89
1969.5417	44.38
1969.625	46.57
1969.7083	48.23
1969.7917	50.35
1969.875	50.64
1969.9583	49.59
1970.0417	50.78
1970.125	50.39
1970.2083	48
1970.2917	43.24
1970.375	42.26
1970.4583	42.01
1970.5417	41.14
1970.625	42.67
1970.7083	44.23
1970.7917	49.28
1970.875	51.06
1970.9583	52.26
1971.0417	53.4
1971.125	55.3
1971.2083	55.81
1971.2917	56.14
1971.375	54.12
1971.4583	53.31
1971.5417	52.25
1971.625	53.72
1971.7083	56.09
1971.7917	56.81
1971.875	54.34
1971.9583	51.46
1972.0417	52.33
1972.125	55.57
1972.2083	58.38
1972.2917	58.35
1972.375	60
1972.4583	62.91
1972.5417	64.87
1972.625	61.61
1972.7083	59.59
1972.7917	56.92
1972.875	58.46
1972.9583	57.77
1973.0417	54.47
1973.125	54.22
1973.2083	53.68
1973.2917	57.11
1973.375	56.45
1973.4583	58.56
1973.5417	56.95
1973.625	57.71
1973.7083	57.68
1973.7917	60.18
1973.875	65.91
1973.9583	69.18
1974.0417	72.19
1974.125	70.92
1974.2083	69.21
1974.2917	69.77
1974.375	70.14
1974.4583	69.83
1974.5417	67.08
1974.625	64.1
1974.7083	62.68
1974.7917	60.81
1974.875	61.67
1974.9583	61.57
1975.0417	63.83
1975.125	66.04
1975.2083	68.15
1975.2917	67.34
1975.375	65.8
1975.4583	64.31
1975.5417	63.04
1975.625	63.96
1975.7083	65.29
1975.7917	66.67
1975.875	67.06
1975.9583	65
1976.0417	63.85
1976.125	62.16
1976.2083	62.06
1976.2917	62.9
1976.375	61.37
1976.4583	63.28
1976.5417	61.42
1976.625	60.86
1976.7083	62.1
1976.7917	63.45
1976.875	65.87
1976.9583	65.61
1977.0417	62.44
1977.125	59.13
1977.2083	56.91
1977.2917	55.47
1977.375	55.68
1977.4583	55.23
1977.5417	55.18
1977.625	56.11
1977.7083	58.26
1977.7917	60.12
1977.875	62.39
1977.9583	66.32
1978.0417	68.75
1978.125	71.69
1978.2083	68.96
1978.2917	67.59
1978.375	64.34
1978.4583	62.74
1978.5417	61.26
1978.625	62.03
1978.7083	61.34
1978.7917	62.11
1978.875	58.22
1978.9583	58.37
1979.0417	57.28
1979.125	59.34
1979.2083	59.72
1979.2917	58.7
1979.375	58.53
1979.4583	59.09
1979.5417	61.41
1979.625	65.85
1979.7083	68.05
1979.7917	70.21
1979.875	69.16
1979.9583	71.81
1980.0417	71.7
1980.125	71.8
1980.2083	68.4
1980.2917	68.52
1980.375	68.05
1980.4583	68.25
1980.5417	66.58
1980.625	64.31
1980.7083	65.12
1980.7917	65.24
1980.875	69.93
1980.9583	73.87
1981.0417	75.82
1981.125	75.94
1981.2083	76.42
1981.2917	77.36
1981.375	78.21
1981.4583	80.21
1981.5417	79.02
1981.625	81.74
1981.7083	80.82
1981.7917	83.27
1981.875	81.83
1981.9583	79.4
1982.0417	74.51
1982.125	73.46
1982.2083	73.34
1982.2917	72.75
1982.375	73.03
1982.4583	70.18
1982.5417	68.38
1982.625	68.27
1982.7083	72.06
1982.7917	75.79
1982.875	76.19
1982.9583	75.46
1983.0417	76.08
1983.125	75.68
1983.2083	77.97
1983.2917	81.68
1983.375	84.62
1983.4583	84.14
1983.5417	82
1983.625	76.47
1983.7083	76.48
1983.7917	74.16
1983.875	76.31
1983.9583	74.19
1984.0417	73.57
1984.125	74.11
1984.2083	76.58
1984.2917	77.95
1984.375	79.51
1984.4583	81.74
1984.5417	81.3
1984.625	83.28
1984.7083	80.12
1984.7917	78.27
1984.875	73.28
1984.9583	72.05
1985.0417	67.08
1985.125	68.88
1985.2083	65.95
1985.2917	67.72
1985.375	67.91
1985.4583	70
1985.5417	69.44
1985.625	67.84
1985.7083	67.05
1985.7917	67.52
1985.875	67.9
1985.9583	68.65
1986.0417	69.7
1986.125	70.8
1986.2083	68.39
1986.2917	66.35
1986.375	64.39
1986.4583	65.2
1986.5417	66.49
1986.625	68.42
1986.7083	67.64
1986.7917	66.25
1986.875	65.41
1986.9583	66.57
1987.0417	69.95
1987.125	74.55
1987.2083	74.46
1987.2917	72.47
1987.375	74.25
1987.4583	75.99
1987.5417	77.73
1987.625	72.4
1987.7083	69.85
1987.7917	67.31
1987.875	70.5
1987.9583	73.04
1988.0417	71.53
1988.125	73.36
1988.2083	71.43
1988.2917	75.09
1988.375	75.25
1988.4583	76.49
1988.5417	74.37
1988.625	74.54
1988.7083	75.26
1988.7917	76.14
1988.875	74.51
1988.9583	69.58
1989.0417	68.58
1989.125	69.56
1989.2083	74.01
1989.2917	75.42
1989.375	76.12
1989.4583	75.35
1989.5417	76.07
1989.625	76.68
1989.7083	77.63
1989.7917	76.15
1989.875	77.4
1989.9583	75.72
1990.0417	76.6
1990.125	75.38
1990.2083	76.21
1990.2917	78.1
1990.375	78.44
1990.4583	81.99
1990.5417	81.55
1990.625	84.61
1990.7083	84.61
1990.7917	85.2
1990.875	86.75
1990.9583	85.48
1991.0417	88.88
1991.125	90.28
1991.2083	91.39
1991.2917	88.9
1991.375	89
1991.4583	90.19
1991.5417	92.41
1991.625	93.95
1991.7083	93.69
1991.7917	93.2
1991.875	91.61
1991.9583	90.52
1992.0417	93.77
1992.125	96.66
1992.2083	96.97
1992.2917	95.84
1992.375	93.06
1992.4583	93.1
1992.5417	91.07
1992.625	91.09
1992.7083	92.19
1992.7917	95.45
1992.875	93.98
1992.9583	91.82
1993.0417	89.6
1993.125	90.81
1993.2083	92.32
1993.2917	94.6
1993.375	94.65
1993.4583	91.7
1993.5417	88.21
1993.625	85.03
1993.7083	81.27
1993.7917	83.05
1993.875	82.28
1993.9583	87.56
1994.0417	91.19
1994.125	91.25
1994.2083	91.4
1994.2917	88.97
1994.375	90.72
1994.4583	89.62
1994.5417	92.63
1994.625	92.2
1994.7083	93.35
1994.7917	93.62
1994.875	91.57
1994.9583	92.89
1995.0417	93.84
1995.125	95.5
1995.2083	97.1
1995.2917	96.4
1995.375	96.43
1995.4583	97.04
1995.5417	100.1
1995.625	99.69
1995.7083	99.92
1995.7917	99.41
1995.875	100.26
1995.9583	103.49
1996.0417	102.82
1996.125	103.79
1996.2083	98.35
1996.2917	97.02
1996.375	97.34
1996.4583	97.71
1996.5417	103.52
1996.625	104.29
1996.7083	108.98
1996.7917	106.51
1996.875	105.34
1996.9583	103.15
1997.0417	104.67
1997.125	105.58
1997.2083	108.94
1997.2917	109.79
1997.375	113.51
1997.4583	114.38
1997.5417	112.63
1997.625	112.83
1997.7083	111.95
1997.7917	115.83
1997.875	115.06
1997.9583	116.92
1998.0417	115.18
1998.125	113.01
1998.2083	109.25
1998.2917	106.01
1998.375	105.19
1998.4583	104.33
1998.5417	103.88
1998.625	102.73
1998.7083	103.5
1998.7917	101.28
1998.875	100.35
1998.9583	99.53
1999.0417	104.54
1999.125	108.06
1999.2083	113.48
1999.2917	113.04
1999.375	114.36
1999.4583	112.3
1999.5417	112.86
1999.625	111.25
1999.7083	110.81
1999.7917	109.55
1999.875	106
1999.9583	105.34
2000.0417	105.19
2000.125	111.6
2000.2083	115.71
2000.2917	118.62
2000.375	120.67
2000.4583	118.33
2000.5417	118.13
2000.625	113.09
2000.7083	112.84
2000.7917	110.33
2000.875	110.17
2000.9583	109.75
2001.0417	111.88
2001.125	112.59
2001.2083	116.62
2001.2917	113.81
2001.375	116.68
2001.4583	115.5
2001.5417	118.94
2001.625	121.59
2001.7083	121.12
2001.7917	118.71
2001.875	114.17
2001.9583	110.85
